 2019
 2018
 2015
 2015
 2015
 2015
 2015
 2015
 2015
 2015
 2014
 2014
 2018
 2014
 2015
 2015
 2015
 2014
 2014
 2014
 2014
 2014
 2014
 2018
 2013
 2014
 2014
 2014
 2013
 2014
 2013
 2014
 2014
 2013
 2019
 2013
 2014
 2014
 2013
 2013
 2013
 2013
 2013
 2013
 2013
 2018
 2013
 2014
 2013
 2013
 2013
 2013
 2012
 2012
 2012
 2012
 2018
 2012
 2013
 2012
 2014
 2012
 2012
 2012
 2012
 2012
 2013
 2018
 2012
 2011
 2011
 2011
 2012
 2012
 2012
 2012
 2012
 2012
 2018
 2012
 2011
 2012
 2011
 2011
 2012
 2011
 2011
 2011
 2011
 2018
 2011
 2011
 2011
 2010
 2011
 2011
 2011
 2010
 2011
 2010
 2018
 2010
 2010
 2011
 2010
 2010
 2010
 2010
 2010
 2010
 2010
 2019
 2017
 2009
 2010
 2009
 2009
 2009
 2010
 2010
 2009
 2010
 2009
 2018
 2009
 2009
 2009
 2008
 2009
 2008
 2009
 2008
 2008
 2008
 2018
 2008
 2008
 2008
 2008
 2008
 2008
 2008
 2007
 2007
 2007
 2018
 2007
 2006
 2006
 2006
 2006
 2006
 2006
 2005
 2006
 2005
 2018
 2005
 2005
 2005
 2005
 2005
 2005
 2005
 2005
 2005
 2005
 2018
 2004
 2004
 2004
 2004
 2003
 2003
 2002
 2002
 2001
 2001
 2018
 2001
 2000
 2000
 2000
 2000
 2000
 1999
 1999
 1998
 1998
 2019
 1998
 1998
 1997
 1997
 1995
 1995
 1995
 1994
 1991
 1990
 2018
 2018
 2019
 2018
 2018
 2018
 2017
 2019
 2019
 2016
 2015
 2018
 2019
 2018
 2006
 2013
 2017
 2017
 2016
 2015
 2016
 2012
 2013
 2013
 2015
 2015
 1998
 2008
 2018
 2005
 2005
 2008
 2018
 2008
 2003
 2005
 2019
 2019
 2019
 2018
 2019
 2019
 2019
 2019
 2019
 2019
 2019
 2019
 2019
 2019
 2018
 2019
 2019
 2019
 2019
 2019
 2019
 2019
 2019
 2019
 2019
 2017
 2019
 2019
 2019
 2019
 2019
 2019
 2019
 2019
 2019
 2019
 2018
 2019
 2019
 2019
 2019
 2019
 2019
 2019
 2019
 2019
 2019
 2019
 2017
 2019
 2019
 2019
 2019
 2019
 2019
 2019
 2019
 2019
 2019
 2017
 2019
 2019
 2019
 2019
 2019
 2019
 2019
 2019
 2019
 2019
 2018
 2019
 2019
 2019
 2019
 2018
 2018
 2018
 2018
 2018
 2018
 2017
 2018
 2018
 2018
 2018
 2018
 2018
 2018
 2018
 2018
 2018
 2017
 2018
 2018
 2018
 2018
 2018
 2018
 2018
 2018
 2018
 2018
 2017
 2018
 2018
 2018
 2018
 2018
 2018
 2018
 2018
 2018
 2018
 2017
 2018
 2018
 2018
 2018
 2018
 2018
 2018
 2018
 2018
 2018
 2017
 2018
 2018
 2018
 2018
 2018
 2018
 2018
 2018
 2018
 2018
 2017
 2018
 2018
 2018
 2018
 2018
 2018
 2018
 2018
 2018
 2018
 2018
 2018
 2018
 2018
 2018
 2018
 2018
 2018
 2018
 2018
 2018
 2019
 2017
 2018
 2018
 2018
 2017
 2017
 2017
 2017
 2017
 2017
 2017
 2017
 2017
 2017
 2017
 2017
 2017
 2017
 2017
 2017
 2017
 2017
 2018
 2017
 2017
 2017
 2017
 2017
 2017
 2017
 2017
 2017
 2017
 2017
 2017
 2017
 2017
 2017
 2017
 2017
 2016
 2016
 2016
 2016
 2017
 2016
 2016
 2016
 2016
 2016
 2016
 2016
 2016
 2016
 2016
 2017
 2016
 2016
 2016
 2016
 2016
 2016
 2015
 2015
 2015
 2015
 2017
 2015
 2015
 2015
 2015
 2015
 2015
 2015
 2015
 2015
 2015
 2017
 2015
 2015
 2015
 2015
 2015
 2015
 2015
 2015
 2015
 2015
 2017
 2015
 2015
 2014
 2014
 2014
 2014
 2014
 2014
 2014
 2014
 2017
 2014
 2014
 2014
 2014
 2014
 2013
 2013
 2013
 2013
 2013
 2018
 2017
 2013
 2013
 2013
 2013
 2013
 2013
 2012
 2012
 2012
 2012
 2017
 2012
 2012
 2011
 2011
 2011
 2011
 2010
 2010
 2010
 2009
 2017
 2009
 2008
 2008
 2008
 2007
 2004
 2003
 2002
 2001
 2001
 2016
 2000
 2000
 1998
 1996
 1990
 2016
 2016
 2018
 2016
 2016
 2016
 2019
 2016
 2016
 2016
 2016
 2016
 2016
 2016
 2016
 2015
 2015
 2018
 2015
 2016
 2015
 2016
 2015
 2015
 2015
 2015
 2016
 2015
 2018
 2015
 2015
 2015
 2015
 2015
 2015
 2015
 2015
 2015
 2015
